1 -1 #SUP: 145
2 -1 #SUP: 128
3 -1 #SUP: 152
4 -1 #SUP: 148
5 -1 #SUP: 153
6 -1 #SUP: 153
7 -1 #SUP: 121
11 -1 #SUP: 40
7 -1 11 -1 #SUP: 36
6 -1 11 -1 #SUP: 39
5 -1 11 -1 #SUP: 38
4 -1 11 -1 #SUP: 35
3 -1 11 -1 #SUP: 40
1 -1 11 -1 #SUP: 33
6 -1 7 -1 #SUP: 116
5 -1 7 -1 #SUP: 104
4 -1 7 -1 #SUP: 85
3 -1 7 -1 #SUP: 67
7 -1 3 -1 #SUP: 33
2 -1 7 -1 #SUP: 66
1 -1 7 -1 #SUP: 101
5 6 -1 #SUP: 55
6 -1 5 -1 #SUP: 85
6 -1 4 -1 #SUP: 127
6 -1 3 -1 #SUP: 139
6 -1 2 -1 #SUP: 113
1 6 -1 #SUP: 60
6 -1 1 -1 #SUP: 56
6 -1 1 -1 2 -1 #SUP: 31
6 -1 1 -1 3 -1 #SUP: 35
6 -1 1 -1 7 -1 #SUP: 35
6 -1 3 -1 2 -1 #SUP: 45
6 -1 2 -1 3 -1 #SUP: 49
6 -1 4 -1 2 -1 #SUP: 48
6 -1 2 -1 4 -1 #SUP: 37
6 -1 5 -1 2 -1 #SUP: 54
6 -1 2 -1 7 -1 #SUP: 55
6 -1 4 -1 3 -1 #SUP: 63
6 -1 3 -1 4 -1 #SUP: 37
6 -1 5 -1 3 -1 #SUP: 64
6 -1 3 -1 7 -1 #SUP: 60
6 -1 3 -1 11 -1 #SUP: 34
6 -1 5 -1 4 -1 #SUP: 52
6 -1 4 -1 7 -1 #SUP: 72
6 -1 5 -1 7 -1 #SUP: 57
6 -1 7 -1 11 -1 #SUP: 34
4 5 -1 #SUP: 31
5 -1 4 -1 #SUP: 102
5 -1 3 -1 #SUP: 120
5 -1 2 -1 #SUP: 97
1 5 -1 #SUP: 38
1 -1 5 -1 #SUP: 62
5 -1 1 -1 #SUP: 44
5 -1 3 -1 2 -1 #SUP: 33
5 -1 2 -1 3 -1 #SUP: 36
5 -1 4 -1 2 -1 #SUP: 31
5 6 -1 2 -1 #SUP: 32
5 -1 2 -1 7 -1 #SUP: 47
5 -1 4 -1 3 -1 #SUP: 46
5 6 -1 3 -1 #SUP: 46
5 -1 3 -1 7 -1 #SUP: 51
5 6 -1 4 -1 #SUP: 39
5 -1 4 -1 7 -1 #SUP: 55
5 6 -1 7 -1 #SUP: 37
5 -1 7 -1 11 -1 #SUP: 31
3 -1 4 -1 #SUP: 45
4 -1 3 -1 #SUP: 79
2 -1 4 -1 #SUP: 50
4 -1 2 -1 #SUP: 59
1 -1 4 -1 #SUP: 106
2 -1 3 -1 #SUP: 63
3 -1 2 -1 #SUP: 54
1 -1 3 -1 #SUP: 114
1 -1 2 -1 #SUP: 98
1 -1 3 -1 2 -1 #SUP: 31
1 -1 2 -1 3 -1 #SUP: 39
1 -1 4 -1 2 -1 #SUP: 38
1 -1 5 -1 2 -1 #SUP: 36
1 6 -1 2 -1 #SUP: 44
1 -1 2 -1 7 -1 #SUP: 47
1 -1 4 -1 3 -1 #SUP: 51
1 -1 5 -1 3 -1 #SUP: 44
1 6 -1 3 -1 #SUP: 52
1 -1 3 -1 7 -1 #SUP: 42
1 -1 5 -1 4 -1 #SUP: 33
1 6 -1 4 -1 #SUP: 49
1 -1 4 -1 7 -1 #SUP: 56
1 6 -1 5 -1 #SUP: 34
1 -1 5 -1 7 -1 #SUP: 39
1 6 -1 7 -1 #SUP: 44
