1 -1 #SUP: 159
2 -1 #SUP: 160
3 -1 #SUP: 160
4 -1 #SUP: 158
5 -1 #SUP: 160
6 -1 #SUP: 160
7 -1 #SUP: 160
8 -1 #SUP: 129
9 -1 #SUP: 110
10 -1 #SUP: 148
11 -1 #SUP: 157
11 -1 10 -1 #SUP: 99
11 -1 9 -1 #SUP: 103
11 -1 8 -1 #SUP: 101
7 -1 11 -1 #SUP: 140
6 -1 11 -1 #SUP: 157
5 -1 11 -1 #SUP: 156
4 -1 11 -1 #SUP: 119
3 -1 11 -1 #SUP: 148
2 -1 11 -1 #SUP: 133
1 -1 11 -1 #SUP: 140
11 -1 8 -1 9 -1 #SUP: 71
11 -1 10 -1 8 -1 #SUP: 43
11 -1 10 -1 9 -1 #SUP: 57
10 -1 9 -1 #SUP: 86
10 -1 8 -1 #SUP: 73
7 -1 10 -1 #SUP: 142
6 -1 10 -1 #SUP: 148
5 -1 10 -1 #SUP: 148
4 -1 10 -1 #SUP: 133
3 -1 10 -1 #SUP: 141
2 -1 10 -1 #SUP: 135
1 -1 10 -1 #SUP: 137
10 -1 8 -1 9 -1 #SUP: 50
8 -1 9 -1 #SUP: 93
7 -1 9 -1 #SUP: 110
6 -1 9 -1 #SUP: 110
5 -1 9 -1 #SUP: 110
4 -1 9 -1 #SUP: 106
3 -1 9 -1 #SUP: 110
2 -1 9 -1 #SUP: 110
1 -1 9 -1 #SUP: 105
7 -1 8 -1 #SUP: 128
6 -1 8 -1 #SUP: 129
5 -1 8 -1 #SUP: 129
4 -1 8 -1 #SUP: 118
3 -1 8 -1 #SUP: 128
2 -1 8 -1 #SUP: 124
1 -1 8 -1 #SUP: 121
6 -1 7 -1 #SUP: 137
5 7 -1 #SUP: 38
5 -1 7 -1 #SUP: 119
4 7 -1 #SUP: 43
4 -1 7 -1 #SUP: 70
7 -1 4 -1 #SUP: 45
3 -1 7 -1 #SUP: 92
7 -1 3 -1 #SUP: 38
2 -1 7 -1 #SUP: 88
7 -1 2 -1 #SUP: 43
1 -1 7 -1 #SUP: 116
7 -1 2 -1 8 -1 #SUP: 33
7 -1 2 -1 9 -1 #SUP: 32
7 -1 8 -1 9 -1 #SUP: 93
7 -1 10 -1 8 -1 #SUP: 68
7 -1 11 -1 8 -1 #SUP: 88
7 -1 10 -1 9 -1 #SUP: 81
7 -1 11 -1 9 -1 #SUP: 91
7 -1 11 -1 10 -1 #SUP: 86
7 -1 10 -1 8 -1 9 -1 #SUP: 47
7 -1 11 -1 10 -1 9 -1 #SUP: 48
7 -1 11 -1 10 -1 8 -1 #SUP: 34
7 -1 11 -1 8 -1 9 -1 #SUP: 60
5 6 -1 #SUP: 76
6 -1 5 -1 #SUP: 73
6 -1 4 -1 #SUP: 128
3 6 -1 #SUP: 35
6 -1 3 -1 #SUP: 120
6 -1 2 -1 #SUP: 121
1 6 -1 #SUP: 80
6 -1 1 -1 #SUP: 65
6 -1 1 -1 4 -1 #SUP: 37
6 -1 1 -1 7 -1 #SUP: 39
6 -1 1 -1 8 -1 #SUP: 41
6 -1 1 -1 9 -1 #SUP: 37
6 -1 1 -1 10 -1 #SUP: 49
6 -1 1 -1 11 -1 #SUP: 49
6 -1 1 -1 11 -1 9 -1 #SUP: 33
6 -1 1 -1 11 -1 8 -1 #SUP: 32
6 -1 1 -1 7 -1 11 -1 #SUP: 34
6 -1 1 -1 7 -1 10 -1 #SUP: 32
6 -1 3 -1 2 -1 #SUP: 43
6 -1 2 -1 3 -1 #SUP: 43
6 -1 4 -1 2 -1 #SUP: 39
6 -1 2 -1 4 -1 #SUP: 44
6 -1 5 -1 2 -1 #SUP: 41
6 -1 7 -1 2 -1 #SUP: 36
6 -1 2 -1 7 -1 #SUP: 53
6 -1 2 -1 8 -1 #SUP: 89
6 -1 2 -1 9 -1 #SUP: 80
6 -1 2 -1 10 -1 #SUP: 98
6 -1 2 -1 11 -1 #SUP: 95
6 -1 2 -1 11 -1 10 -1 #SUP: 55
6 -1 2 -1 11 -1 9 -1 #SUP: 58
6 -1 2 -1 11 -1 8 -1 #SUP: 58
6 -1 2 -1 7 -1 11 -1 #SUP: 45
6 -1 2 -1 3 -1 11 -1 #SUP: 35
6 -1 2 -1 11 -1 8 -1 9 -1 #SUP: 38
6 -1 2 -1 10 -1 9 -1 #SUP: 53
6 -1 2 -1 10 -1 8 -1 #SUP: 49
6 -1 2 -1 7 -1 10 -1 #SUP: 47
6 -1 2 -1 4 -1 10 -1 #SUP: 32
6 -1 2 -1 3 -1 10 -1 #SUP: 37
6 -1 2 -1 10 -1 8 -1 9 -1 #SUP: 34
6 -1 2 -1 8 -1 9 -1 #SUP: 61
6 -1 2 -1 7 -1 8 -1 #SUP: 36
6 -1 3 -1 4 -1 #SUP: 55
6 -1 5 -1 3 -1 #SUP: 43
6 -1 3 -1 7 -1 #SUP: 65
6 -1 3 -1 8 -1 #SUP: 91
6 -1 3 -1 9 -1 #SUP: 77
6 -1 3 -1 10 -1 #SUP: 103
6 -1 3 -1 11 -1 #SUP: 109
6 -1 3 -1 11 -1 10 -1 #SUP: 59
6 -1 3 -1 11 -1 9 -1 #SUP: 66
6 -1 3 -1 11 -1 8 -1 #SUP: 69
6 -1 3 -1 7 -1 11 -1 #SUP: 53
6 -1 3 -1 4 -1 11 -1 #SUP: 33
6 -1 3 -1 11 -1 8 -1 9 -1 #SUP: 44
6 -1 3 -1 10 -1 9 -1 #SUP: 57
6 -1 3 -1 10 -1 8 -1 #SUP: 53
6 -1 3 -1 7 -1 10 -1 #SUP: 55
6 -1 3 -1 4 -1 10 -1 #SUP: 39
6 -1 3 -1 10 -1 8 -1 9 -1 #SUP: 34
6 -1 3 -1 8 -1 9 -1 #SUP: 63
6 -1 3 -1 7 -1 9 -1 #SUP: 39
6 -1 3 -1 4 -1 9 -1 #SUP: 33
6 -1 3 -1 7 -1 8 -1 #SUP: 48
6 -1 3 -1 4 -1 8 -1 #SUP: 37
6 -1 3 -1 7 -1 11 -1 8 -1 #SUP: 37
6 -1 3 -1 7 -1 11 -1 9 -1 #SUP: 32
6 -1 5 -1 4 -1 #SUP: 41
6 -1 7 -1 4 -1 #SUP: 36
6 -1 4 -1 7 -1 #SUP: 53
6 -1 4 -1 8 -1 #SUP: 90
6 -1 4 -1 9 -1 #SUP: 82
6 -1 4 -1 10 -1 #SUP: 105
6 -1 4 -1 11 -1 #SUP: 91
6 -1 4 -1 11 -1 10 -1 #SUP: 51
6 -1 4 -1 11 -1 9 -1 #SUP: 52
6 -1 4 -1 11 -1 8 -1 #SUP: 55
6 -1 4 -1 7 -1 11 -1 #SUP: 46
6 -1 4 -1 11 -1 8 -1 9 -1 #SUP: 34
6 -1 4 -1 10 -1 9 -1 #SUP: 55
6 -1 4 -1 10 -1 8 -1 #SUP: 52
6 -1 4 -1 7 -1 10 -1 #SUP: 44
6 -1 4 -1 10 -1 8 -1 9 -1 #SUP: 36
6 -1 4 -1 8 -1 9 -1 #SUP: 63
6 -1 4 -1 7 -1 8 -1 #SUP: 38
6 -1 5 -1 7 -1 #SUP: 52
6 -1 5 -1 8 -1 #SUP: 55
6 -1 5 -1 9 -1 #SUP: 47
6 -1 5 -1 10 -1 #SUP: 69
6 -1 5 -1 11 -1 #SUP: 71
6 -1 5 -1 11 -1 10 -1 #SUP: 41
6 -1 5 -1 11 -1 9 -1 #SUP: 42
6 -1 5 -1 11 -1 8 -1 #SUP: 43
6 -1 5 -1 7 -1 11 -1 #SUP: 48
6 -1 5 -1 4 -1 11 -1 #SUP: 35
6 -1 5 -1 3 -1 11 -1 #SUP: 36
6 -1 5 -1 2 -1 11 -1 #SUP: 36
6 -1 5 -1 10 -1 9 -1 #SUP: 38
6 -1 5 -1 10 -1 8 -1 #SUP: 36
6 -1 5 -1 7 -1 10 -1 #SUP: 46
6 -1 5 -1 4 -1 10 -1 #SUP: 37
6 -1 5 -1 3 -1 10 -1 #SUP: 37
6 -1 5 -1 2 -1 10 -1 #SUP: 34
6 -1 5 -1 8 -1 9 -1 #SUP: 37
6 -1 5 -1 7 -1 8 -1 #SUP: 35
6 -1 7 -1 8 -1 #SUP: 107
6 -1 7 -1 9 -1 #SUP: 90
6 -1 7 -1 10 -1 #SUP: 120
6 -1 7 -1 11 -1 #SUP: 118
6 -1 7 -1 11 -1 10 -1 #SUP: 68
6 -1 7 -1 11 -1 9 -1 #SUP: 74
6 -1 7 -1 11 -1 8 -1 #SUP: 78
6 -1 7 -1 11 -1 8 -1 9 -1 #SUP: 51
6 -1 7 -1 11 -1 10 -1 9 -1 #SUP: 36
6 -1 7 -1 10 -1 9 -1 #SUP: 67
6 -1 7 -1 10 -1 8 -1 #SUP: 62
6 -1 7 -1 10 -1 8 -1 9 -1 #SUP: 44
6 -1 7 -1 8 -1 9 -1 #SUP: 75
6 -1 8 -1 9 -1 #SUP: 93
6 -1 10 -1 8 -1 #SUP: 73
6 -1 11 -1 8 -1 #SUP: 101
6 -1 10 -1 9 -1 #SUP: 86
6 -1 11 -1 9 -1 #SUP: 103
6 -1 11 -1 10 -1 #SUP: 99
6 -1 10 -1 8 -1 9 -1 #SUP: 50
6 -1 11 -1 10 -1 9 -1 #SUP: 57
6 -1 11 -1 10 -1 8 -1 #SUP: 43
6 -1 11 -1 8 -1 9 -1 #SUP: 71
4 5 -1 #SUP: 54
5 -1 4 -1 #SUP: 97
3 5 -1 #SUP: 64
5 -1 3 -1 #SUP: 92
2 5 -1 #SUP: 40
5 -1 2 -1 #SUP: 92
1 5 -1 #SUP: 62
1 -1 5 -1 #SUP: 48
5 -1 1 -1 #SUP: 49
5 -1 1 -1 10 -1 #SUP: 35
5 -1 1 -1 11 -1 #SUP: 33
5 6 -1 2 -1 #SUP: 42
5 -1 2 -1 7 -1 #SUP: 33
5 -1 2 -1 8 -1 #SUP: 65
5 -1 2 -1 9 -1 #SUP: 58
5 -1 2 -1 10 -1 #SUP: 70
5 -1 2 -1 11 -1 #SUP: 66
5 -1 2 -1 11 -1 10 -1 #SUP: 37
5 -1 2 -1 11 -1 9 -1 #SUP: 38
5 -1 2 -1 11 -1 8 -1 #SUP: 40
5 -1 2 -1 10 -1 9 -1 #SUP: 36
5 -1 2 -1 10 -1 8 -1 #SUP: 34
5 -1 2 -1 8 -1 9 -1 #SUP: 41
5 -1 3 -1 4 -1 #SUP: 42
5 6 -1 3 -1 #SUP: 43
5 -1 3 -1 7 -1 #SUP: 46
5 -1 3 -1 8 -1 #SUP: 67
5 -1 3 -1 9 -1 #SUP: 55
5 -1 3 -1 10 -1 #SUP: 76
5 -1 3 -1 11 -1 #SUP: 82
5 -1 3 -1 11 -1 10 -1 #SUP: 39
5 -1 3 -1 11 -1 9 -1 #SUP: 45
5 -1 3 -1 11 -1 8 -1 #SUP: 51
5 -1 3 -1 7 -1 11 -1 #SUP: 34
5 -1 3 -1 11 -1 8 -1 9 -1 #SUP: 32
5 -1 3 -1 10 -1 9 -1 #SUP: 40
5 -1 3 -1 10 -1 8 -1 #SUP: 38
5 -1 3 -1 7 -1 10 -1 #SUP: 37
5 -1 3 -1 8 -1 9 -1 #SUP: 47
5 -1 3 -1 7 -1 8 -1 #SUP: 34
5 6 -1 4 -1 #SUP: 49
5 -1 7 -1 4 -1 #SUP: 34
5 -1 4 -1 7 -1 #SUP: 35
5 -1 4 -1 8 -1 #SUP: 62
5 -1 4 -1 9 -1 #SUP: 57
5 -1 4 -1 10 -1 #SUP: 77
5 -1 4 -1 11 -1 #SUP: 61
5 -1 4 -1 11 -1 10 -1 #SUP: 35
5 -1 4 -1 11 -1 8 -1 #SUP: 35
5 -1 4 -1 10 -1 9 -1 #SUP: 36
5 -1 4 -1 10 -1 8 -1 #SUP: 36
5 -1 4 -1 8 -1 9 -1 #SUP: 42
5 6 -1 7 -1 #SUP: 56
5 6 -1 8 -1 #SUP: 66
5 6 -1 9 -1 #SUP: 55
5 6 -1 10 -1 #SUP: 68
5 6 -1 11 -1 #SUP: 74
5 6 -1 11 -1 10 -1 #SUP: 48
5 6 -1 11 -1 9 -1 #SUP: 52
5 6 -1 11 -1 8 -1 #SUP: 49
5 6 -1 7 -1 11 -1 #SUP: 45
5 6 -1 3 -1 11 -1 #SUP: 41
5 6 -1 11 -1 8 -1 9 -1 #SUP: 36
5 6 -1 10 -1 9 -1 #SUP: 40
5 6 -1 7 -1 10 -1 #SUP: 47
5 6 -1 4 -1 10 -1 #SUP: 34
5 6 -1 3 -1 10 -1 #SUP: 35
5 6 -1 8 -1 9 -1 #SUP: 49
5 6 -1 7 -1 9 -1 #SUP: 38
5 6 -1 4 -1 9 -1 #SUP: 32
5 6 -1 7 -1 8 -1 #SUP: 48
5 6 -1 4 -1 8 -1 #SUP: 35
5 6 -1 3 -1 8 -1 #SUP: 35
5 6 -1 7 -1 8 -1 9 -1 #SUP: 33
5 6 -1 7 -1 11 -1 8 -1 #SUP: 34
5 -1 7 -1 8 -1 #SUP: 91
5 -1 7 -1 9 -1 #SUP: 76
5 -1 7 -1 10 -1 #SUP: 103
5 -1 7 -1 11 -1 #SUP: 101
5 -1 7 -1 11 -1 10 -1 #SUP: 61
5 -1 7 -1 11 -1 9 -1 #SUP: 63
5 -1 7 -1 11 -1 8 -1 #SUP: 70
5 -1 7 -1 11 -1 8 -1 9 -1 #SUP: 46
5 -1 7 -1 11 -1 10 -1 9 -1 #SUP: 34
5 -1 7 -1 10 -1 9 -1 #SUP: 57
5 -1 7 -1 10 -1 8 -1 #SUP: 54
5 -1 7 -1 10 -1 8 -1 9 -1 #SUP: 39
5 -1 7 -1 8 -1 9 -1 #SUP: 63
5 7 -1 8 -1 #SUP: 35
5 7 -1 9 -1 #SUP: 33
5 7 -1 10 -1 #SUP: 37
5 7 -1 11 -1 #SUP: 36
5 -1 8 -1 9 -1 #SUP: 93
5 -1 10 -1 8 -1 #SUP: 73
5 -1 11 -1 8 -1 #SUP: 100
5 -1 10 -1 9 -1 #SUP: 86
5 -1 11 -1 9 -1 #SUP: 102
5 -1 11 -1 10 -1 #SUP: 98
5 -1 10 -1 8 -1 9 -1 #SUP: 50
5 -1 11 -1 10 -1 9 -1 #SUP: 56
5 -1 11 -1 10 -1 8 -1 #SUP: 42
5 -1 11 -1 8 -1 9 -1 #SUP: 70
3 4 -1 #SUP: 42
3 -1 4 -1 #SUP: 75
4 -1 3 -1 #SUP: 41
2 -1 4 -1 #SUP: 78
4 -1 2 -1 #SUP: 52
1 -1 4 -1 #SUP: 106
4 -1 2 -1 8 -1 #SUP: 39
4 -1 2 -1 9 -1 #SUP: 33
4 -1 2 -1 10 -1 #SUP: 36
4 -1 2 -1 11 -1 #SUP: 32
4 -1 3 -1 10 -1 #SUP: 32
4 -1 3 -1 11 -1 #SUP: 34
4 5 -1 8 -1 #SUP: 50
4 5 -1 9 -1 #SUP: 44
4 5 -1 10 -1 #SUP: 50
4 5 -1 11 -1 #SUP: 51
4 5 -1 11 -1 9 -1 #SUP: 40
4 5 -1 11 -1 8 -1 #SUP: 33
4 5 -1 10 -1 9 -1 #SUP: 36
4 5 -1 8 -1 9 -1 #SUP: 39
4 -1 7 -1 8 -1 #SUP: 54
4 -1 7 -1 9 -1 #SUP: 43
4 -1 7 -1 10 -1 #SUP: 57
4 -1 7 -1 11 -1 #SUP: 59
4 -1 7 -1 11 -1 10 -1 #SUP: 32
4 -1 7 -1 11 -1 9 -1 #SUP: 34
4 -1 7 -1 11 -1 8 -1 #SUP: 41
4 -1 7 -1 8 -1 9 -1 #SUP: 35
4 7 -1 8 -1 #SUP: 38
4 7 -1 9 -1 #SUP: 33
4 7 -1 10 -1 #SUP: 43
4 7 -1 11 -1 #SUP: 41
4 -1 8 -1 9 -1 #SUP: 84
4 -1 10 -1 8 -1 #SUP: 63
4 -1 11 -1 8 -1 #SUP: 73
4 -1 10 -1 9 -1 #SUP: 76
4 -1 11 -1 9 -1 #SUP: 74
4 -1 11 -1 10 -1 #SUP: 69
4 -1 10 -1 8 -1 9 -1 #SUP: 43
4 -1 11 -1 10 -1 9 -1 #SUP: 38
4 -1 11 -1 8 -1 9 -1 #SUP: 48
2 -1 3 -1 #SUP: 74
3 -1 2 -1 #SUP: 58
1 3 -1 #SUP: 46
1 -1 3 -1 #SUP: 89
3 5 -1 2 -1 #SUP: 32
3 -1 2 -1 8 -1 #SUP: 43
3 -1 2 -1 9 -1 #SUP: 42
3 -1 2 -1 10 -1 #SUP: 41
3 -1 2 -1 11 -1 #SUP: 34
3 -1 4 -1 8 -1 #SUP: 50
3 -1 4 -1 9 -1 #SUP: 47
3 -1 4 -1 10 -1 #SUP: 56
3 -1 4 -1 11 -1 #SUP: 40
3 -1 4 -1 8 -1 9 -1 #SUP: 35
3 4 -1 8 -1 #SUP: 38
3 4 -1 9 -1 #SUP: 37
3 4 -1 10 -1 #SUP: 40
3 4 -1 11 -1 #SUP: 39
3 4 -1 11 -1 9 -1 #SUP: 32
3 5 6 -1 #SUP: 33
3 5 -1 7 -1 #SUP: 43
3 5 -1 8 -1 #SUP: 58
3 5 -1 9 -1 #SUP: 52
3 5 -1 10 -1 #SUP: 61
3 5 -1 11 -1 #SUP: 62
3 5 -1 11 -1 10 -1 #SUP: 49
3 5 -1 11 -1 9 -1 #SUP: 49
3 5 -1 11 -1 8 -1 #SUP: 41
3 5 -1 7 -1 11 -1 #SUP: 37
3 5 6 -1 11 -1 #SUP: 32
3 5 -1 10 -1 9 -1 #SUP: 40
3 5 -1 7 -1 10 -1 #SUP: 38
3 5 -1 8 -1 9 -1 #SUP: 43
3 5 -1 7 -1 9 -1 #SUP: 32
3 5 -1 7 -1 8 -1 #SUP: 36
3 6 -1 8 -1 #SUP: 32
3 6 -1 10 -1 #SUP: 33
3 6 -1 11 -1 #SUP: 34
3 -1 7 -1 8 -1 #SUP: 72
3 -1 7 -1 9 -1 #SUP: 60
3 -1 7 -1 10 -1 #SUP: 78
3 -1 7 -1 11 -1 #SUP: 74
3 -1 7 -1 11 -1 10 -1 #SUP: 48
3 -1 7 -1 11 -1 9 -1 #SUP: 47
3 -1 7 -1 11 -1 8 -1 #SUP: 52
3 -1 7 -1 11 -1 8 -1 9 -1 #SUP: 32
3 -1 7 -1 10 -1 9 -1 #SUP: 43
3 -1 7 -1 10 -1 8 -1 #SUP: 42
3 -1 7 -1 8 -1 9 -1 #SUP: 48
3 -1 8 -1 9 -1 #SUP: 92
3 -1 10 -1 8 -1 #SUP: 70
3 -1 11 -1 8 -1 #SUP: 95
3 -1 10 -1 9 -1 #SUP: 83
3 -1 11 -1 9 -1 #SUP: 97
3 -1 11 -1 10 -1 #SUP: 91
3 -1 10 -1 8 -1 9 -1 #SUP: 47
3 -1 11 -1 10 -1 9 -1 #SUP: 51
3 -1 11 -1 10 -1 8 -1 #SUP: 38
3 -1 11 -1 8 -1 9 -1 #SUP: 65
1 -1 2 -1 #SUP: 93
2 -1 1 -1 #SUP: 45
2 -1 1 -1 10 -1 #SUP: 33
2 -1 3 -1 8 -1 #SUP: 58
2 -1 3 -1 9 -1 #SUP: 48
2 -1 3 -1 10 -1 #SUP: 66
2 -1 3 -1 11 -1 #SUP: 65
2 -1 3 -1 11 -1 10 -1 #SUP: 38
2 -1 3 -1 11 -1 9 -1 #SUP: 39
2 -1 3 -1 11 -1 8 -1 #SUP: 39
2 -1 3 -1 10 -1 9 -1 #SUP: 38
2 -1 3 -1 8 -1 9 -1 #SUP: 44
2 -1 4 -1 8 -1 #SUP: 53
2 -1 4 -1 9 -1 #SUP: 49
2 -1 4 -1 10 -1 #SUP: 61
2 -1 4 -1 11 -1 #SUP: 44
2 -1 4 -1 10 -1 9 -1 #SUP: 34
2 -1 4 -1 8 -1 9 -1 #SUP: 38
2 5 -1 8 -1 #SUP: 35
2 5 -1 9 -1 #SUP: 32
2 5 -1 10 -1 #SUP: 38
2 5 -1 11 -1 #SUP: 40
2 -1 7 -1 8 -1 #SUP: 68
2 -1 7 -1 9 -1 #SUP: 56
2 -1 7 -1 10 -1 #SUP: 78
2 -1 7 -1 11 -1 #SUP: 75
2 -1 7 -1 11 -1 10 -1 #SUP: 50
2 -1 7 -1 11 -1 9 -1 #SUP: 46
2 -1 7 -1 11 -1 8 -1 #SUP: 47
2 -1 7 -1 11 -1 8 -1 9 -1 #SUP: 32
2 -1 7 -1 10 -1 9 -1 #SUP: 42
2 -1 7 -1 10 -1 8 -1 #SUP: 34
2 -1 7 -1 8 -1 9 -1 #SUP: 47
2 -1 8 -1 9 -1 #SUP: 88
2 -1 10 -1 8 -1 #SUP: 64
2 -1 11 -1 8 -1 #SUP: 82
2 -1 10 -1 9 -1 #SUP: 78
2 -1 11 -1 9 -1 #SUP: 86
2 -1 11 -1 10 -1 #SUP: 83
2 -1 10 -1 8 -1 9 -1 #SUP: 44
2 -1 11 -1 10 -1 9 -1 #SUP: 46
2 -1 11 -1 10 -1 8 -1 #SUP: 34
2 -1 11 -1 8 -1 9 -1 #SUP: 57
1 -1 4 -1 2 -1 #SUP: 33
1 6 -1 2 -1 #SUP: 50
1 -1 7 -1 2 -1 #SUP: 34
1 -1 2 -1 8 -1 #SUP: 70
1 -1 2 -1 9 -1 #SUP: 67
1 -1 2 -1 10 -1 #SUP: 72
1 -1 2 -1 11 -1 #SUP: 67
1 -1 2 -1 11 -1 10 -1 #SUP: 41
1 -1 2 -1 11 -1 9 -1 #SUP: 45
1 -1 2 -1 11 -1 8 -1 #SUP: 42
1 -1 2 -1 10 -1 9 -1 #SUP: 42
1 -1 2 -1 10 -1 8 -1 #SUP: 36
1 -1 2 -1 8 -1 9 -1 #SUP: 51
1 -1 3 -1 4 -1 #SUP: 33
1 6 -1 3 -1 #SUP: 51
1 -1 3 -1 7 -1 #SUP: 43
1 -1 3 -1 8 -1 #SUP: 69
1 -1 3 -1 9 -1 #SUP: 59
1 -1 3 -1 10 -1 #SUP: 75
1 -1 3 -1 11 -1 #SUP: 79
1 -1 3 -1 11 -1 10 -1 #SUP: 43
1 -1 3 -1 11 -1 9 -1 #SUP: 50
1 -1 3 -1 11 -1 8 -1 #SUP: 51
1 -1 3 -1 7 -1 11 -1 #SUP: 35
1 -1 3 -1 11 -1 8 -1 9 -1 #SUP: 36
1 -1 3 -1 10 -1 9 -1 #SUP: 43
1 -1 3 -1 10 -1 8 -1 #SUP: 35
1 -1 3 -1 7 -1 10 -1 #SUP: 37
1 -1 3 -1 8 -1 9 -1 #SUP: 52
1 -1 3 -1 7 -1 8 -1 #SUP: 34
1 3 5 -1 #SUP: 37
1 3 -1 8 -1 #SUP: 39
1 3 -1 9 -1 #SUP: 35
1 3 -1 10 -1 #SUP: 42
1 3 -1 11 -1 #SUP: 45
1 3 -1 11 -1 10 -1 #SUP: 32
1 3 -1 11 -1 9 -1 #SUP: 33
1 3 5 -1 11 -1 #SUP: 36
1 3 5 -1 10 -1 #SUP: 34
1 3 5 -1 8 -1 #SUP: 33
1 5 -1 4 -1 #SUP: 35
1 6 -1 4 -1 #SUP: 56
1 -1 4 -1 7 -1 #SUP: 43
1 -1 4 -1 8 -1 #SUP: 76
1 -1 4 -1 9 -1 #SUP: 72
1 -1 4 -1 10 -1 #SUP: 87
1 -1 4 -1 11 -1 #SUP: 72
1 -1 4 -1 11 -1 10 -1 #SUP: 44
1 -1 4 -1 11 -1 9 -1 #SUP: 45
1 -1 4 -1 11 -1 8 -1 #SUP: 45
1 -1 4 -1 7 -1 11 -1 #SUP: 38
1 -1 4 -1 10 -1 9 -1 #SUP: 50
1 -1 4 -1 10 -1 8 -1 #SUP: 43
1 -1 4 -1 7 -1 10 -1 #SUP: 38
1 -1 4 -1 8 -1 9 -1 #SUP: 56
1 -1 4 -1 7 -1 8 -1 #SUP: 32
1 6 -1 5 -1 #SUP: 32
1 -1 5 -1 7 -1 #SUP: 33
1 -1 5 -1 8 -1 #SUP: 38
1 -1 5 -1 9 -1 #SUP: 35
1 -1 5 -1 10 -1 #SUP: 46
1 -1 5 -1 11 -1 #SUP: 46
1 -1 5 -1 7 -1 10 -1 #SUP: 32
1 5 6 -1 #SUP: 47
1 5 -1 7 -1 #SUP: 41
1 5 -1 8 -1 #SUP: 55
1 5 -1 9 -1 #SUP: 45
1 5 -1 10 -1 #SUP: 56
1 5 -1 11 -1 #SUP: 60
1 5 -1 11 -1 10 -1 #SUP: 40
1 5 -1 11 -1 9 -1 #SUP: 43
1 5 -1 11 -1 8 -1 #SUP: 38
1 5 -1 7 -1 11 -1 #SUP: 33
1 5 6 -1 11 -1 #SUP: 45
1 5 -1 10 -1 9 -1 #SUP: 35
1 5 -1 7 -1 10 -1 #SUP: 33
1 5 6 -1 10 -1 #SUP: 42
1 5 -1 8 -1 9 -1 #SUP: 41
1 5 6 -1 9 -1 #SUP: 33
1 5 -1 7 -1 8 -1 #SUP: 34
1 5 6 -1 8 -1 #SUP: 43
1 5 6 -1 8 -1 9 -1 #SUP: 32
1 6 -1 7 -1 #SUP: 63
1 6 -1 8 -1 #SUP: 68
1 6 -1 9 -1 #SUP: 56
1 6 -1 10 -1 #SUP: 75
1 6 -1 11 -1 #SUP: 77
1 6 -1 11 -1 10 -1 #SUP: 48
1 6 -1 11 -1 9 -1 #SUP: 51
1 6 -1 11 -1 8 -1 #SUP: 48
1 6 -1 7 -1 11 -1 #SUP: 55
1 6 -1 4 -1 11 -1 #SUP: 40
1 6 -1 3 -1 11 -1 #SUP: 44
1 6 -1 2 -1 11 -1 #SUP: 37
1 6 -1 11 -1 8 -1 9 -1 #SUP: 36
1 6 -1 10 -1 9 -1 #SUP: 46
1 6 -1 10 -1 8 -1 #SUP: 35
1 6 -1 7 -1 10 -1 #SUP: 57
1 6 -1 5 -1 10 -1 #SUP: 32
1 6 -1 4 -1 10 -1 #SUP: 48
1 6 -1 3 -1 10 -1 #SUP: 45
1 6 -1 2 -1 10 -1 #SUP: 39
1 6 -1 8 -1 9 -1 #SUP: 51
1 6 -1 7 -1 9 -1 #SUP: 40
1 6 -1 4 -1 9 -1 #SUP: 35
1 6 -1 3 -1 9 -1 #SUP: 33
1 6 -1 2 -1 9 -1 #SUP: 34
1 6 -1 7 -1 8 -1 #SUP: 51
1 6 -1 4 -1 8 -1 #SUP: 41
1 6 -1 3 -1 8 -1 #SUP: 41
1 6 -1 2 -1 8 -1 #SUP: 38
1 6 -1 7 -1 8 -1 9 -1 #SUP: 36
1 6 -1 7 -1 11 -1 8 -1 #SUP: 37
1 6 -1 7 -1 10 -1 9 -1 #SUP: 34
1 6 -1 7 -1 11 -1 9 -1 #SUP: 34
1 -1 7 -1 8 -1 #SUP: 91
1 -1 7 -1 9 -1 #SUP: 77
1 -1 7 -1 10 -1 #SUP: 102
1 -1 7 -1 11 -1 #SUP: 101
1 -1 7 -1 11 -1 10 -1 #SUP: 62
1 -1 7 -1 11 -1 9 -1 #SUP: 65
1 -1 7 -1 11 -1 8 -1 #SUP: 69
1 -1 7 -1 11 -1 8 -1 9 -1 #SUP: 46
1 -1 7 -1 11 -1 10 -1 9 -1 #SUP: 34
1 -1 7 -1 10 -1 9 -1 #SUP: 58
1 -1 7 -1 10 -1 8 -1 #SUP: 51
1 -1 7 -1 10 -1 8 -1 9 -1 #SUP: 37
1 -1 7 -1 8 -1 9 -1 #SUP: 64
1 -1 8 -1 9 -1 #SUP: 88
1 -1 10 -1 8 -1 #SUP: 65
1 -1 11 -1 8 -1 #SUP: 90
1 -1 10 -1 9 -1 #SUP: 80
1 -1 11 -1 9 -1 #SUP: 95
1 -1 11 -1 10 -1 #SUP: 89
1 -1 10 -1 8 -1 9 -1 #SUP: 46
1 -1 11 -1 10 -1 9 -1 #SUP: 53
1 -1 11 -1 10 -1 8 -1 #SUP: 37
1 -1 11 -1 8 -1 9 -1 #SUP: 65
